{
 "cells": [
  {
   "cell_type": "code",
   "execution_count": 1,
   "id": "472057d3",
   "metadata": {},
   "outputs": [],
   "source": [
    "# Please install following libraries\n",
    "#     Numpy\n",
    "#     Pandas\n",
    "#     Seaborn\n",
    "#     Matplotlib\n",
    "#     sklearn\n",
    "#     torch"
   ]
  },
  {
   "cell_type": "code",
   "execution_count": 2,
   "id": "e600a8b5",
   "metadata": {},
   "outputs": [],
   "source": [
    "import numpy as np\n",
    "import pandas as pd\n",
    "import matplotlib.pyplot as plt\n",
    "import seaborn as sns\n",
    "import torch\n",
    "\n",
    "%matplotlib inline"
   ]
  },
  {
   "cell_type": "code",
   "execution_count": 3,
   "id": "c1f5ce2a",
   "metadata": {},
   "outputs": [],
   "source": [
    "from sklearn.model_selection import train_test_split\n",
    "from sklearn import metrics\n",
    "from sklearn.preprocessing import StandardScaler\n",
    "\n",
    "# Models\n",
    "from sklearn import svm\n",
    "from sklearn.linear_model import LogisticRegression\n",
    "from sklearn.tree import DecisionTreeClassifier\n",
    "from sklearn.neural_network import MLPClassifier\n",
    "\n"
   ]
  },
  {
   "cell_type": "markdown",
   "id": "32270198",
   "metadata": {},
   "source": [
    "#### File Reading"
   ]
  },
  {
   "cell_type": "code",
   "execution_count": 4,
   "id": "1fe12262",
   "metadata": {},
   "outputs": [],
   "source": [
    "csvFileLocation = 'data/targetfirm_prediction_dataset_small.csv'"
   ]
  },
  {
   "cell_type": "code",
   "execution_count": 5,
   "id": "21b2d262",
   "metadata": {},
   "outputs": [],
   "source": [
    "finance_dataframe = pd.read_csv(csvFileLocation)"
   ]
  },
  {
   "cell_type": "code",
   "execution_count": 6,
   "id": "6875b9a2",
   "metadata": {},
   "outputs": [
    {
     "data": {
      "text/html": [
       "<div>\n",
       "<style scoped>\n",
       "    .dataframe tbody tr th:only-of-type {\n",
       "        vertical-align: middle;\n",
       "    }\n",
       "\n",
       "    .dataframe tbody tr th {\n",
       "        vertical-align: top;\n",
       "    }\n",
       "\n",
       "    .dataframe thead th {\n",
       "        text-align: right;\n",
       "    }\n",
       "</style>\n",
       "<table border=\"1\" class=\"dataframe\">\n",
       "  <thead>\n",
       "    <tr style=\"text-align: right;\">\n",
       "      <th></th>\n",
       "      <th>Unnamed: 0</th>\n",
       "      <th>gvkey</th>\n",
       "      <th>fyear</th>\n",
       "      <th>target</th>\n",
       "      <th>at</th>\n",
       "      <th>revt</th>\n",
       "      <th>ib</th>\n",
       "      <th>ca</th>\n",
       "      <th>capx</th>\n",
       "      <th>ceq</th>\n",
       "      <th>che</th>\n",
       "      <th>emp</th>\n",
       "      <th>invt</th>\n",
       "      <th>re</th>\n",
       "      <th>xrd</th>\n",
       "      <th>dltt</th>\n",
       "      <th>dv</th>\n",
       "      <th>sic</th>\n",
       "    </tr>\n",
       "  </thead>\n",
       "  <tbody>\n",
       "    <tr>\n",
       "      <th>0</th>\n",
       "      <td>6</td>\n",
       "      <td>1004</td>\n",
       "      <td>2000.0</td>\n",
       "      <td>0.0</td>\n",
       "      <td>701.854</td>\n",
       "      <td>874.255</td>\n",
       "      <td>18.531</td>\n",
       "      <td>NaN</td>\n",
       "      <td>13.134</td>\n",
       "      <td>340.212</td>\n",
       "      <td>13.809</td>\n",
       "      <td>2.5</td>\n",
       "      <td>320.590</td>\n",
       "      <td>204.065</td>\n",
       "      <td>NaN</td>\n",
       "      <td>179.987</td>\n",
       "      <td>9.157</td>\n",
       "      <td>5080.0</td>\n",
       "    </tr>\n",
       "    <tr>\n",
       "      <th>1</th>\n",
       "      <td>7</td>\n",
       "      <td>1004</td>\n",
       "      <td>2001.0</td>\n",
       "      <td>0.0</td>\n",
       "      <td>710.199</td>\n",
       "      <td>638.721</td>\n",
       "      <td>-58.939</td>\n",
       "      <td>NaN</td>\n",
       "      <td>12.112</td>\n",
       "      <td>310.235</td>\n",
       "      <td>34.522</td>\n",
       "      <td>2.2</td>\n",
       "      <td>286.588</td>\n",
       "      <td>139.603</td>\n",
       "      <td>NaN</td>\n",
       "      <td>217.699</td>\n",
       "      <td>4.430</td>\n",
       "      <td>5080.0</td>\n",
       "    </tr>\n",
       "    <tr>\n",
       "      <th>2</th>\n",
       "      <td>8</td>\n",
       "      <td>1004</td>\n",
       "      <td>2002.0</td>\n",
       "      <td>0.0</td>\n",
       "      <td>686.621</td>\n",
       "      <td>606.337</td>\n",
       "      <td>-12.410</td>\n",
       "      <td>NaN</td>\n",
       "      <td>9.930</td>\n",
       "      <td>294.988</td>\n",
       "      <td>29.154</td>\n",
       "      <td>2.1</td>\n",
       "      <td>259.954</td>\n",
       "      <td>124.106</td>\n",
       "      <td>NaN</td>\n",
       "      <td>164.658</td>\n",
       "      <td>0.797</td>\n",
       "      <td>5080.0</td>\n",
       "    </tr>\n",
       "    <tr>\n",
       "      <th>3</th>\n",
       "      <td>9</td>\n",
       "      <td>1004</td>\n",
       "      <td>2003.0</td>\n",
       "      <td>0.0</td>\n",
       "      <td>709.292</td>\n",
       "      <td>651.958</td>\n",
       "      <td>3.504</td>\n",
       "      <td>NaN</td>\n",
       "      <td>10.286</td>\n",
       "      <td>301.684</td>\n",
       "      <td>41.010</td>\n",
       "      <td>2.3</td>\n",
       "      <td>247.245</td>\n",
       "      <td>131.884</td>\n",
       "      <td>NaN</td>\n",
       "      <td>248.666</td>\n",
       "      <td>0.000</td>\n",
       "      <td>5080.0</td>\n",
       "    </tr>\n",
       "    <tr>\n",
       "      <th>4</th>\n",
       "      <td>10</td>\n",
       "      <td>1004</td>\n",
       "      <td>2004.0</td>\n",
       "      <td>0.0</td>\n",
       "      <td>732.230</td>\n",
       "      <td>747.848</td>\n",
       "      <td>18.572</td>\n",
       "      <td>NaN</td>\n",
       "      <td>13.033</td>\n",
       "      <td>314.744</td>\n",
       "      <td>50.338</td>\n",
       "      <td>2.6</td>\n",
       "      <td>255.477</td>\n",
       "      <td>142.450</td>\n",
       "      <td>NaN</td>\n",
       "      <td>227.159</td>\n",
       "      <td>0.000</td>\n",
       "      <td>5080.0</td>\n",
       "    </tr>\n",
       "  </tbody>\n",
       "</table>\n",
       "</div>"
      ],
      "text/plain": [
       "   Unnamed: 0  gvkey   fyear  target       at     revt      ib  ca    capx  \\\n",
       "0           6   1004  2000.0     0.0  701.854  874.255  18.531 NaN  13.134   \n",
       "1           7   1004  2001.0     0.0  710.199  638.721 -58.939 NaN  12.112   \n",
       "2           8   1004  2002.0     0.0  686.621  606.337 -12.410 NaN   9.930   \n",
       "3           9   1004  2003.0     0.0  709.292  651.958   3.504 NaN  10.286   \n",
       "4          10   1004  2004.0     0.0  732.230  747.848  18.572 NaN  13.033   \n",
       "\n",
       "       ceq     che  emp     invt       re  xrd     dltt     dv     sic  \n",
       "0  340.212  13.809  2.5  320.590  204.065  NaN  179.987  9.157  5080.0  \n",
       "1  310.235  34.522  2.2  286.588  139.603  NaN  217.699  4.430  5080.0  \n",
       "2  294.988  29.154  2.1  259.954  124.106  NaN  164.658  0.797  5080.0  \n",
       "3  301.684  41.010  2.3  247.245  131.884  NaN  248.666  0.000  5080.0  \n",
       "4  314.744  50.338  2.6  255.477  142.450  NaN  227.159  0.000  5080.0  "
      ]
     },
     "execution_count": 6,
     "metadata": {},
     "output_type": "execute_result"
    }
   ],
   "source": [
    "finance_dataframe.head()"
   ]
  },
  {
   "cell_type": "markdown",
   "id": "80b40b0c",
   "metadata": {},
   "source": [
    " "
   ]
  },
  {
   "cell_type": "markdown",
   "id": "9c7db3b4",
   "metadata": {},
   "source": [
    "#### Data Cleaning"
   ]
  },
  {
   "cell_type": "code",
   "execution_count": 7,
   "id": "3520f7f9",
   "metadata": {},
   "outputs": [
    {
     "data": {
      "text/plain": [
       "Unnamed: 0         0\n",
       "gvkey              0\n",
       "fyear              0\n",
       "target             0\n",
       "at             34635\n",
       "revt           35677\n",
       "ib             35660\n",
       "ca            211399\n",
       "capx           63184\n",
       "ceq            35063\n",
       "che            57076\n",
       "emp            63859\n",
       "invt           53353\n",
       "re             40548\n",
       "xrd           150287\n",
       "dltt           35036\n",
       "dv             65058\n",
       "sic                3\n",
       "dtype: int64"
      ]
     },
     "execution_count": 7,
     "metadata": {},
     "output_type": "execute_result"
    }
   ],
   "source": [
    "finance_dataframe.isna().sum()"
   ]
  },
  {
   "cell_type": "code",
   "execution_count": 8,
   "id": "2261d0c9",
   "metadata": {},
   "outputs": [],
   "source": [
    "finance_dataframe.fillna(0,inplace=True)"
   ]
  },
  {
   "cell_type": "code",
   "execution_count": 9,
   "id": "4badfcc3",
   "metadata": {},
   "outputs": [
    {
     "data": {
      "text/plain": [
       "Unnamed: 0    0\n",
       "gvkey         0\n",
       "fyear         0\n",
       "target        0\n",
       "at            0\n",
       "revt          0\n",
       "ib            0\n",
       "ca            0\n",
       "capx          0\n",
       "ceq           0\n",
       "che           0\n",
       "emp           0\n",
       "invt          0\n",
       "re            0\n",
       "xrd           0\n",
       "dltt          0\n",
       "dv            0\n",
       "sic           0\n",
       "dtype: int64"
      ]
     },
     "execution_count": 9,
     "metadata": {},
     "output_type": "execute_result"
    }
   ],
   "source": [
    "finance_dataframe.isna().sum()"
   ]
  },
  {
   "cell_type": "code",
   "execution_count": 10,
   "id": "77c985e4",
   "metadata": {},
   "outputs": [],
   "source": [
    "# features not using Unnamed: 0, gvkey, fyear and no target\n",
    "finance_features = finance_dataframe.iloc[:,3:len(finance_dataframe.columns)]\n",
    "y = finance_features['target']"
   ]
  },
  {
   "cell_type": "markdown",
   "id": "8ba2a020",
   "metadata": {},
   "source": [
    " "
   ]
  },
  {
   "cell_type": "markdown",
   "id": "f40ac6e5",
   "metadata": {},
   "source": [
    "#### Data Visualization"
   ]
  },
  {
   "cell_type": "code",
   "execution_count": 11,
   "id": "f56cf65d",
   "metadata": {},
   "outputs": [
    {
     "data": {
      "text/html": [
       "<div>\n",
       "<style scoped>\n",
       "    .dataframe tbody tr th:only-of-type {\n",
       "        vertical-align: middle;\n",
       "    }\n",
       "\n",
       "    .dataframe tbody tr th {\n",
       "        vertical-align: top;\n",
       "    }\n",
       "\n",
       "    .dataframe thead th {\n",
       "        text-align: right;\n",
       "    }\n",
       "</style>\n",
       "<table border=\"1\" class=\"dataframe\">\n",
       "  <thead>\n",
       "    <tr style=\"text-align: right;\">\n",
       "      <th></th>\n",
       "      <th>target</th>\n",
       "      <th>at</th>\n",
       "      <th>revt</th>\n",
       "      <th>ib</th>\n",
       "      <th>ca</th>\n",
       "      <th>capx</th>\n",
       "      <th>ceq</th>\n",
       "      <th>che</th>\n",
       "      <th>emp</th>\n",
       "      <th>invt</th>\n",
       "      <th>re</th>\n",
       "      <th>xrd</th>\n",
       "      <th>dltt</th>\n",
       "      <th>dv</th>\n",
       "      <th>sic</th>\n",
       "    </tr>\n",
       "  </thead>\n",
       "  <tbody>\n",
       "    <tr>\n",
       "      <th>target</th>\n",
       "      <td>1.000000</td>\n",
       "      <td>0.007956</td>\n",
       "      <td>0.012633</td>\n",
       "      <td>0.009578</td>\n",
       "      <td>-0.001701</td>\n",
       "      <td>-0.000295</td>\n",
       "      <td>0.013463</td>\n",
       "      <td>0.007151</td>\n",
       "      <td>0.004641</td>\n",
       "      <td>0.002051</td>\n",
       "      <td>0.010845</td>\n",
       "      <td>0.000005</td>\n",
       "      <td>0.001124</td>\n",
       "      <td>0.001559</td>\n",
       "      <td>0.018790</td>\n",
       "    </tr>\n",
       "    <tr>\n",
       "      <th>at</th>\n",
       "      <td>0.007956</td>\n",
       "      <td>1.000000</td>\n",
       "      <td>0.475869</td>\n",
       "      <td>0.361056</td>\n",
       "      <td>0.197135</td>\n",
       "      <td>0.155549</td>\n",
       "      <td>0.611279</td>\n",
       "      <td>0.606885</td>\n",
       "      <td>0.278413</td>\n",
       "      <td>0.261155</td>\n",
       "      <td>0.443250</td>\n",
       "      <td>0.064187</td>\n",
       "      <td>0.588733</td>\n",
       "      <td>0.308805</td>\n",
       "      <td>0.036945</td>\n",
       "    </tr>\n",
       "    <tr>\n",
       "      <th>revt</th>\n",
       "      <td>0.012633</td>\n",
       "      <td>0.475869</td>\n",
       "      <td>1.000000</td>\n",
       "      <td>0.574908</td>\n",
       "      <td>0.048207</td>\n",
       "      <td>0.685839</td>\n",
       "      <td>0.707128</td>\n",
       "      <td>0.308636</td>\n",
       "      <td>0.668437</td>\n",
       "      <td>0.230391</td>\n",
       "      <td>0.664255</td>\n",
       "      <td>0.404001</td>\n",
       "      <td>0.272088</td>\n",
       "      <td>0.557734</td>\n",
       "      <td>-0.020152</td>\n",
       "    </tr>\n",
       "    <tr>\n",
       "      <th>ib</th>\n",
       "      <td>0.009578</td>\n",
       "      <td>0.361056</td>\n",
       "      <td>0.574908</td>\n",
       "      <td>1.000000</td>\n",
       "      <td>0.064588</td>\n",
       "      <td>0.433550</td>\n",
       "      <td>0.592323</td>\n",
       "      <td>0.247623</td>\n",
       "      <td>0.348491</td>\n",
       "      <td>0.151357</td>\n",
       "      <td>0.604742</td>\n",
       "      <td>0.284968</td>\n",
       "      <td>0.203847</td>\n",
       "      <td>0.534578</td>\n",
       "      <td>-0.007802</td>\n",
       "    </tr>\n",
       "    <tr>\n",
       "      <th>ca</th>\n",
       "      <td>-0.001701</td>\n",
       "      <td>0.197135</td>\n",
       "      <td>0.048207</td>\n",
       "      <td>0.064588</td>\n",
       "      <td>1.000000</td>\n",
       "      <td>-0.002868</td>\n",
       "      <td>0.074508</td>\n",
       "      <td>-0.001430</td>\n",
       "      <td>0.027778</td>\n",
       "      <td>-0.001086</td>\n",
       "      <td>0.066614</td>\n",
       "      <td>-0.002031</td>\n",
       "      <td>0.050753</td>\n",
       "      <td>-0.002540</td>\n",
       "      <td>0.009017</td>\n",
       "    </tr>\n",
       "    <tr>\n",
       "      <th>capx</th>\n",
       "      <td>-0.000295</td>\n",
       "      <td>0.155549</td>\n",
       "      <td>0.685839</td>\n",
       "      <td>0.433550</td>\n",
       "      <td>-0.002868</td>\n",
       "      <td>1.000000</td>\n",
       "      <td>0.557142</td>\n",
       "      <td>0.128961</td>\n",
       "      <td>0.432310</td>\n",
       "      <td>0.125157</td>\n",
       "      <td>0.529393</td>\n",
       "      <td>0.340061</td>\n",
       "      <td>0.094468</td>\n",
       "      <td>0.514502</td>\n",
       "      <td>-0.061823</td>\n",
       "    </tr>\n",
       "    <tr>\n",
       "      <th>ceq</th>\n",
       "      <td>0.013463</td>\n",
       "      <td>0.611279</td>\n",
       "      <td>0.707128</td>\n",
       "      <td>0.592323</td>\n",
       "      <td>0.074508</td>\n",
       "      <td>0.557142</td>\n",
       "      <td>1.000000</td>\n",
       "      <td>0.439403</td>\n",
       "      <td>0.467133</td>\n",
       "      <td>0.234837</td>\n",
       "      <td>0.823977</td>\n",
       "      <td>0.297994</td>\n",
       "      <td>0.087902</td>\n",
       "      <td>0.463579</td>\n",
       "      <td>0.000085</td>\n",
       "    </tr>\n",
       "    <tr>\n",
       "      <th>che</th>\n",
       "      <td>0.007151</td>\n",
       "      <td>0.606885</td>\n",
       "      <td>0.308636</td>\n",
       "      <td>0.247623</td>\n",
       "      <td>-0.001430</td>\n",
       "      <td>0.128961</td>\n",
       "      <td>0.439403</td>\n",
       "      <td>1.000000</td>\n",
       "      <td>0.187329</td>\n",
       "      <td>0.478348</td>\n",
       "      <td>0.332835</td>\n",
       "      <td>0.097758</td>\n",
       "      <td>0.241643</td>\n",
       "      <td>0.276193</td>\n",
       "      <td>0.020470</td>\n",
       "    </tr>\n",
       "    <tr>\n",
       "      <th>emp</th>\n",
       "      <td>0.004641</td>\n",
       "      <td>0.278413</td>\n",
       "      <td>0.668437</td>\n",
       "      <td>0.348491</td>\n",
       "      <td>0.027778</td>\n",
       "      <td>0.432310</td>\n",
       "      <td>0.467133</td>\n",
       "      <td>0.187329</td>\n",
       "      <td>1.000000</td>\n",
       "      <td>0.158001</td>\n",
       "      <td>0.410306</td>\n",
       "      <td>0.313703</td>\n",
       "      <td>0.113206</td>\n",
       "      <td>0.338371</td>\n",
       "      <td>-0.001246</td>\n",
       "    </tr>\n",
       "    <tr>\n",
       "      <th>invt</th>\n",
       "      <td>0.002051</td>\n",
       "      <td>0.261155</td>\n",
       "      <td>0.230391</td>\n",
       "      <td>0.151357</td>\n",
       "      <td>-0.001086</td>\n",
       "      <td>0.125157</td>\n",
       "      <td>0.234837</td>\n",
       "      <td>0.478348</td>\n",
       "      <td>0.158001</td>\n",
       "      <td>1.000000</td>\n",
       "      <td>0.214674</td>\n",
       "      <td>0.074789</td>\n",
       "      <td>0.111289</td>\n",
       "      <td>0.163072</td>\n",
       "      <td>0.004972</td>\n",
       "    </tr>\n",
       "    <tr>\n",
       "      <th>re</th>\n",
       "      <td>0.010845</td>\n",
       "      <td>0.443250</td>\n",
       "      <td>0.664255</td>\n",
       "      <td>0.604742</td>\n",
       "      <td>0.066614</td>\n",
       "      <td>0.529393</td>\n",
       "      <td>0.823977</td>\n",
       "      <td>0.332835</td>\n",
       "      <td>0.410306</td>\n",
       "      <td>0.214674</td>\n",
       "      <td>1.000000</td>\n",
       "      <td>0.287159</td>\n",
       "      <td>0.004597</td>\n",
       "      <td>0.428920</td>\n",
       "      <td>-0.005840</td>\n",
       "    </tr>\n",
       "    <tr>\n",
       "      <th>xrd</th>\n",
       "      <td>0.000005</td>\n",
       "      <td>0.064187</td>\n",
       "      <td>0.404001</td>\n",
       "      <td>0.284968</td>\n",
       "      <td>-0.002031</td>\n",
       "      <td>0.340061</td>\n",
       "      <td>0.297994</td>\n",
       "      <td>0.097758</td>\n",
       "      <td>0.313703</td>\n",
       "      <td>0.074789</td>\n",
       "      <td>0.287159</td>\n",
       "      <td>1.000000</td>\n",
       "      <td>0.041073</td>\n",
       "      <td>0.341034</td>\n",
       "      <td>-0.044442</td>\n",
       "    </tr>\n",
       "    <tr>\n",
       "      <th>dltt</th>\n",
       "      <td>0.001124</td>\n",
       "      <td>0.588733</td>\n",
       "      <td>0.272088</td>\n",
       "      <td>0.203847</td>\n",
       "      <td>0.050753</td>\n",
       "      <td>0.094468</td>\n",
       "      <td>0.087902</td>\n",
       "      <td>0.241643</td>\n",
       "      <td>0.113206</td>\n",
       "      <td>0.111289</td>\n",
       "      <td>0.004597</td>\n",
       "      <td>0.041073</td>\n",
       "      <td>1.000000</td>\n",
       "      <td>0.306937</td>\n",
       "      <td>0.016958</td>\n",
       "    </tr>\n",
       "    <tr>\n",
       "      <th>dv</th>\n",
       "      <td>0.001559</td>\n",
       "      <td>0.308805</td>\n",
       "      <td>0.557734</td>\n",
       "      <td>0.534578</td>\n",
       "      <td>-0.002540</td>\n",
       "      <td>0.514502</td>\n",
       "      <td>0.463579</td>\n",
       "      <td>0.276193</td>\n",
       "      <td>0.338371</td>\n",
       "      <td>0.163072</td>\n",
       "      <td>0.428920</td>\n",
       "      <td>0.341034</td>\n",
       "      <td>0.306937</td>\n",
       "      <td>1.000000</td>\n",
       "      <td>-0.032400</td>\n",
       "    </tr>\n",
       "    <tr>\n",
       "      <th>sic</th>\n",
       "      <td>0.018790</td>\n",
       "      <td>0.036945</td>\n",
       "      <td>-0.020152</td>\n",
       "      <td>-0.007802</td>\n",
       "      <td>0.009017</td>\n",
       "      <td>-0.061823</td>\n",
       "      <td>0.000085</td>\n",
       "      <td>0.020470</td>\n",
       "      <td>-0.001246</td>\n",
       "      <td>0.004972</td>\n",
       "      <td>-0.005840</td>\n",
       "      <td>-0.044442</td>\n",
       "      <td>0.016958</td>\n",
       "      <td>-0.032400</td>\n",
       "      <td>1.000000</td>\n",
       "    </tr>\n",
       "  </tbody>\n",
       "</table>\n",
       "</div>"
      ],
      "text/plain": [
       "          target        at      revt        ib        ca      capx       ceq  \\\n",
       "target  1.000000  0.007956  0.012633  0.009578 -0.001701 -0.000295  0.013463   \n",
       "at      0.007956  1.000000  0.475869  0.361056  0.197135  0.155549  0.611279   \n",
       "revt    0.012633  0.475869  1.000000  0.574908  0.048207  0.685839  0.707128   \n",
       "ib      0.009578  0.361056  0.574908  1.000000  0.064588  0.433550  0.592323   \n",
       "ca     -0.001701  0.197135  0.048207  0.064588  1.000000 -0.002868  0.074508   \n",
       "capx   -0.000295  0.155549  0.685839  0.433550 -0.002868  1.000000  0.557142   \n",
       "ceq     0.013463  0.611279  0.707128  0.592323  0.074508  0.557142  1.000000   \n",
       "che     0.007151  0.606885  0.308636  0.247623 -0.001430  0.128961  0.439403   \n",
       "emp     0.004641  0.278413  0.668437  0.348491  0.027778  0.432310  0.467133   \n",
       "invt    0.002051  0.261155  0.230391  0.151357 -0.001086  0.125157  0.234837   \n",
       "re      0.010845  0.443250  0.664255  0.604742  0.066614  0.529393  0.823977   \n",
       "xrd     0.000005  0.064187  0.404001  0.284968 -0.002031  0.340061  0.297994   \n",
       "dltt    0.001124  0.588733  0.272088  0.203847  0.050753  0.094468  0.087902   \n",
       "dv      0.001559  0.308805  0.557734  0.534578 -0.002540  0.514502  0.463579   \n",
       "sic     0.018790  0.036945 -0.020152 -0.007802  0.009017 -0.061823  0.000085   \n",
       "\n",
       "             che       emp      invt        re       xrd      dltt        dv  \\\n",
       "target  0.007151  0.004641  0.002051  0.010845  0.000005  0.001124  0.001559   \n",
       "at      0.606885  0.278413  0.261155  0.443250  0.064187  0.588733  0.308805   \n",
       "revt    0.308636  0.668437  0.230391  0.664255  0.404001  0.272088  0.557734   \n",
       "ib      0.247623  0.348491  0.151357  0.604742  0.284968  0.203847  0.534578   \n",
       "ca     -0.001430  0.027778 -0.001086  0.066614 -0.002031  0.050753 -0.002540   \n",
       "capx    0.128961  0.432310  0.125157  0.529393  0.340061  0.094468  0.514502   \n",
       "ceq     0.439403  0.467133  0.234837  0.823977  0.297994  0.087902  0.463579   \n",
       "che     1.000000  0.187329  0.478348  0.332835  0.097758  0.241643  0.276193   \n",
       "emp     0.187329  1.000000  0.158001  0.410306  0.313703  0.113206  0.338371   \n",
       "invt    0.478348  0.158001  1.000000  0.214674  0.074789  0.111289  0.163072   \n",
       "re      0.332835  0.410306  0.214674  1.000000  0.287159  0.004597  0.428920   \n",
       "xrd     0.097758  0.313703  0.074789  0.287159  1.000000  0.041073  0.341034   \n",
       "dltt    0.241643  0.113206  0.111289  0.004597  0.041073  1.000000  0.306937   \n",
       "dv      0.276193  0.338371  0.163072  0.428920  0.341034  0.306937  1.000000   \n",
       "sic     0.020470 -0.001246  0.004972 -0.005840 -0.044442  0.016958 -0.032400   \n",
       "\n",
       "             sic  \n",
       "target  0.018790  \n",
       "at      0.036945  \n",
       "revt   -0.020152  \n",
       "ib     -0.007802  \n",
       "ca      0.009017  \n",
       "capx   -0.061823  \n",
       "ceq     0.000085  \n",
       "che     0.020470  \n",
       "emp    -0.001246  \n",
       "invt    0.004972  \n",
       "re     -0.005840  \n",
       "xrd    -0.044442  \n",
       "dltt    0.016958  \n",
       "dv     -0.032400  \n",
       "sic     1.000000  "
      ]
     },
     "execution_count": 11,
     "metadata": {},
     "output_type": "execute_result"
    }
   ],
   "source": [
    "finance_features.corr()"
   ]
  },
  {
   "cell_type": "code",
   "execution_count": 12,
   "id": "37282578",
   "metadata": {},
   "outputs": [
    {
     "data": {
      "text/plain": [
       "<AxesSubplot:>"
      ]
     },
     "execution_count": 12,
     "metadata": {},
     "output_type": "execute_result"
    },
    {
     "data": {
